1121919,5,1,3,1,2,1,2,1,1,2
1123061,6,10,2,8,10,2,7,8,10,4
1124651,1,3,3,2,2,1,7,2,1,2
1125035,9,4,5,10,6,10,4,8,1,4
1126417,10,6,4,1,3,4,3,2,3,4
1131294,1,1,2,1,2,2,4,2,1,2
1132347,1,1,4,1,2,1,2,1,1,2
1133041,5,3,1,2,2,1,2,1,1,2
1133136,3,1,1,1,2,3,3,1,1,2
1136142,2,1,1,1,3,1,2,1,1,2
1137156,2,2,2,1,1,1,7,1,1,2
1143978,4,1,1,2,2,1,2,1,1,2
1143978,5,2,1,1,2,1,3,1,1,2
1147044,3,1,1,1,2,2,7,1,1,2
1147699,3,5,7,8,8,9,7,10,7,4
1147748,5,10,6,1,10,4,4,10,10,4
1148278,3,3,6,4,5,8,4,4,1,4
1148873,3,6,6,6,5,10,6,8,3,4
1152331,4,1,1,1,2,1,3,1,1,2
1155546,2,1,1,2,3,1,2,1,1,2
1156272,1,1,1,1,2,1,3,1,1,2
1156948,3,1,1,2,2,1,1,1,1,2
1157734,4,1,1,1,2,1,3,1,1,2
1158247,1,1,1,1,2,1,2,1,1,2
1160476,2,1,1,1,2,1,3,1,1,2
1164066,1,1,1,1,2,1,3,1,1,2
1165297,2,1,1,2,2,1,1,1,1,2
1165790,5,1,1,1,2,1,3,1,1,2
1165926,9,6,9,2,10,6,2,9,10,4
1166630,7,5,6,10,5,10,7,9,4,4
1166654,10,3,5,1,10,5,3,10,2,4
1167439,2,3,4,4,2,5,2,5,1,4
1167471,4,1,2,1,2,1,3,1,1,2
1168359,8,2,3,1,6,3,7,1,1,4
1168736,10,10,10,10,10,1,8,8,8,4
1169049,7,3,4,4,3,3,3,2,7,4
1170419,10,10,10,8,2,10,4,1,1,4
1170420,1,6,8,10,8,10,5,7,1,4
1171710,1,1,1,1,2,1,2,3,1,2
1171710,6,5,4,4,3,9,7,8,3,4
1171795,1,3,1,2,2,2,5,3,2,2
1171845,8,6,4,3,5,9,3,1,1,4
1172152,10,3,3,10,2,10,7,3,3,4
1173216,10,10,10,3,10,8,8,1,1,4
1173235,3,3,2,1,2,3,3,1,1,2
1173347,1,1,1,1,2,5,1,1,1,2
1173347,8,3,3,1,2,2,3,2,1,2
1173509,4,5,5,10,4,10,7,5,8,4
1173514,1,1,1,1,4,3,1,1,1,2
1173681,3,2,1,1,2,2,3,1,1,2
1174057,1,1,2,2,2,1,3,1,1,2
1174057,4,2,1,1,2,2,3,1,1,2
1174131,10,10,10,2,10,10,5,3,3,4
1174428,5,3,5,1,8,10,5,3,1,4
1175937,5,4,6,7,9,7,8,10,1,4
1176406,1,1,1,1,2,1,2,1,1,2
1176881,7,5,3,7,4,10,7,5,5,4
1177027,3,1,1,1,2,1,3,1,1,2
1177399,8,3,5,4,5,10,1,6,2,4
1177512,1,1,1,1,10,1,1,1,1,2
1178580,5,1,3,1,2,1,2,1,1,2
1179818,2,1,1,1,2,1,3,1,1,2
1180194,5,10,8,10,8,10,3,6,3,4
1180523,3,1,1,1,2,1,2,2,1,2
1180831,3,1,1,1,3,1,2,1,1,2
1181356,5,1,1,1,2,2,3,3,1,2
1182404,4,1,1,1,2,1,2,1,1,2
1182410,3,1,1,1,2,1,1,1,1,2
1183240,4,1,2,1,2,1,2,1,1,2
1183246,1,1,1,1,1,?,2,1,1,2
