1183516,3,1,1,1,2,1,1,1,1,2
1183911,2,1,1,1,2,1,1,1,1,2
1183983,9,5,5,4,4,5,4,3,3,4
1184184,1,1,1,1,2,5,1,1,1,2
1184241,2,1,1,1,2,1,2,1,1,2
1184840,1,1,3,1,2,?,2,1,1,2
1185609,3,4,5,2,6,8,4,1,1,4
1185610,1,1,1,1,3,2,2,1,1,2
1187457,3,1,1,3,8,1,5,8,1,2
1187805,8,8,7,4,10,10,7,8,7,4
1188472,1,1,1,1,1,1,3,1,1,2
1189266,7,2,4,1,6,10,5,4,3,4
1189286,10,10,8,6,4,5,8,10,1,4
1190394,4,1,1,1,2,3,1,1,1,2
1190485,1,1,1,1,2,1,1,1,1,2
1192325,5,5,5,6,3,10,3,1,1,4
1193091,1,2,2,1,2,1,2,1,1,2
1193210,2,1,1,1,2,1,3,1,1,2
1193683,1,1,2,1,3,?,1,1,1,2
1196295,9,9,10,3,6,10,7,10,6,4
1196915,10,7,7,4,5,10,5,7,2,4
1197080,4,1,1,1,2,1,3,2,1,2
1197270,3,1,1,1,2,1,3,1,1,2
1197440,1,1,1,2,1,3,1,1,7,2
1197510,5,1,1,1,2,?,3,1,1,2
1197979,4,1,1,1,2,2,3,2,1,2
1197993,5,6,7,8,8,10,3,10,3,4
1198128,10,8,10,10,6,1,3,1,10,4
1198641,3,1,1,1,2,1,3,1,1,2
1199219,1,1,1,2,1,1,1,1,1,2
1199731,3,1,1,1,2,1,1,1,1,2
1199983,1,1,1,1,2,1,3,1,1,2
1200772,1,1,1,1,2,1,2,1,1,2
1200847,6,10,10,10,8,10,10,10,7,4
1200892,8,6,5,4,3,10,6,1,1,4
1200952,5,8,7,7,10,10,5,7,1,4
1201834,2,1,1,1,2,1,3,1,1,2
1201936,5,10,10,3,8,1,5,10,3,4
1202125,4,1,1,1,2,1,3,1,1,2
1202812,5,3,3,3,6,10,3,1,1,4
1203096,1,1,1,1,1,1,3,1,1,2
1204242,1,1,1,1,2,1,1,1,1,2
1204898,6,1,1,1,2,1,3,1,1,2
1205138,5,8,8,8,5,10,7,8,1,4
1205579,8,7,6,4,4,10,5,1,1,4
1206089,2,1,1,1,1,1,3,1,1,2
1206695,1,5,8,6,5,8,7,10,1,4
1206841,10,5,6,10,6,10,7,7,10,4
1207986,5,8,4,10,5,8,9,10,1,4
1208301,1,2,3,1,2,1,3,1,1,2
1210963,10,10,10,8,6,8,7,10,1,4
1211202,7,5,10,10,10,10,4,10,3,4
1212232,5,1,1,1,2,1,2,1,1,2
1212251,1,1,1,1,2,1,3,1,1,2
1212422,3,1,1,1,2,1,3,1,1,2
1212422,4,1,1,1,2,1,3,1,1,2
1213375,8,4,4,5,4,7,7,8,2,2
1213383,5,1,1,4,2,1,3,1,1,2
1214092,1,1,1,1,2,1,1,1,1,2
1214556,3,1,1,1,2,1,2,1,1,2
1214966,9,7,7,5,5,10,7,8,3,4
1216694,10,8,8,4,10,10,8,1,1,4
1216947,1,1,1,1,2,1,3,1,1,2
1217051,5,1,1,1,2,1,3,1,1,2
1217264,1,1,1,1,2,1,3,1,1,2
1218105,5,10,10,9,6,10,7,10,5,4
1218741,10,10,9,3,7,5,3,5,1,4
1218860,1,1,1,1,1,1,3,1,1,2
1218860,1,1,1,1,1,1,3,1,1,2
1219406,5,1,1,1,1,1,3,1,1,2
