1219525,8,10,10,10,5,10,8,10,6,4
1219859,8,10,8,8,4,8,7,7,1,4
1220330,1,1,1,1,2,1,3,1,1,2
1221863,10,10,10,10,7,10,7,10,4,4
1222047,10,10,10,10,3,10,10,6,1,4
1222936,8,7,8,7,5,5,5,10,2,4
1223282,1,1,1,1,2,1,2,1,1,2
1223426,1,1,1,1,2,1,3,1,1,2
1223793,6,10,7,7,6,4,8,10,2,4
1223967,6,1,3,1,2,1,3,1,1,2
1224329,1,1,1,2,2,1,3,1,1,2
1225799,10,6,4,3,10,10,9,10,1,4
1226012,4,1,1,3,1,5,2,1,1,4
1226612,7,5,6,3,3,8,7,4,1,4
1227210,10,5,5,6,3,10,7,9,2,4
1227244,1,1,1,1,2,1,2,1,1,2
1227481,10,5,7,4,4,10,8,9,1,4
1228152,8,9,9,5,3,5,7,7,1,4
1228311,1,1,1,1,1,1,3,1,1,2
1230175,10,10,10,3,10,10,9,10,1,4
1230688,7,4,7,4,3,7,7,6,1,4
1231387,6,8,7,5,6,8,8,9,2,4
1231706,8,4,6,3,3,1,4,3,1,2
1232225,10,4,5,5,5,10,4,1,1,4
1236043,3,3,2,1,3,1,3,6,1,2
1241232,3,1,4,1,2,?,3,1,1,2
1241559,10,8,8,2,8,10,4,8,10,4
1241679,9,8,8,5,6,2,4,10,4,4
1242364,8,10,10,8,6,9,3,10,10,4
1243256,10,4,3,2,3,10,5,3,2,4
1270479,5,1,3,3,2,2,2,3,1,2
1276091,3,1,1,3,1,1,3,1,1,2
1277018,2,1,1,1,2,1,3,1,1,2
128059,1,1,1,1,2,5,5,1,1,2
1285531,1,1,1,1,2,1,3,1,1,2
1287775,5,1,1,2,2,2,3,1,1,2
144888,8,10,10,8,5,10,7,8,1,4
145447,8,4,4,1,2,9,3,3,1,4
167528,4,1,1,1,2,1,3,6,1,2
169356,3,1,1,1,2,?,3,1,1,2
183913,1,2,2,1,2,1,1,1,1,2
191250,10,4,4,10,2,10,5,3,3,4
1017023,6,3,3,5,3,10,3,5,3,2
1100524,6,10,10,2,8,10,7,3,3,4
1116116,9,10,10,1,10,8,3,3,1,4
1168736,5,6,6,2,4,10,3,6,1,4
1182404,3,1,1,1,2,1,1,1,1,2
1182404,3,1,1,1,2,1,2,1,1,2
1198641,3,1,1,1,2,1,3,1,1,2
242970,5,7,7,1,5,8,3,4,1,2
255644,10,5,8,10,3,10,5,1,3,4
263538,5,10,10,6,10,10,10,6,5,4
274137,8,8,9,4,5,10,7,8,1,4
303213,10,4,4,10,6,10,5,5,1,4
314428,7,9,4,10,10,3,5,3,3,4
1182404,5,1,4,1,2,1,3,2,1,2
1198641,10,10,6,3,3,10,4,3,2,4
320675,3,3,5,2,3,10,7,1,1,4
324427,10,8,8,2,3,4,8,7,8,4
385103,1,1,1,1,2,1,3,1,1,2
390840,8,4,7,1,3,10,3,9,2,4
411453,5,1,1,1,2,1,3,1,1,2
320675,3,3,5,2,3,10,7,1,1,4
428903,7,2,4,1,3,4,3,3,1,4
431495,3,1,1,1,2,1,3,2,1,2
432809,3,1,3,1,2,?,2,1,1,2
434518,3,1,1,1,2,1,2,1,1,2
452264,1,1,1,1,2,1,2,1,1,2
456282,1,1,1,1,2,1,3,1,1,2
476903,10,5,7,3,3,7,3,3,8,4
