486283,3,1,1,1,2,1,3,1,1,2
486662,2,1,1,2,2,1,3,1,1,2
488173,1,4,3,10,4,10,5,6,1,4
492268,10,4,6,1,2,10,5,3,1,4
508234,7,4,5,10,2,10,3,8,2,4
527363,8,10,10,10,8,10,10,7,3,4
529329,10,10,10,10,10,10,4,10,10,4
535331,3,1,1,1,3,1,2,1,1,2
543558,6,1,3,1,4,5,5,10,1,4
555977,5,6,6,8,6,10,4,10,4,4
560680,1,1,1,1,2,1,1,1,1,2
561477,1,1,1,1,2,1,3,1,1,2
563649,8,8,8,1,2,?,6,10,1,4
601265,10,4,4,6,2,10,2,3,1,4
606140,1,1,1,1,2,?,2,1,1,2
606722,5,5,7,8,6,10,7,4,1,4
616240,5,3,4,3,4,5,4,7,1,2
61634,5,4,3,1,2,?,2,3,1,2
625201,8,2,1,1,5,1,1,1,1,2
63375,9,1,2,6,4,10,7,7,2,4
635844,8,4,10,5,4,4,7,10,1,4
636130,1,1,1,1,2,1,3,1,1,2
640744,10,10,10,7,9,10,7,10,10,4
646904,1,1,1,1,2,1,3,1,1,2
653777,8,3,4,9,3,10,3,3,1,4
659642,10,8,4,4,4,10,3,10,4,4
666090,1,1,1,1,2,1,3,1,1,2
666942,1,1,1,1,2,1,3,1,1,2
667204,7,8,7,6,4,3,8,8,4,4
673637,3,1,1,1,2,5,5,1,1,2
684955,2,1,1,1,3,1,2,1,1,2
688033,1,1,1,1,2,1,1,1,1,2
691628,8,6,4,10,10,1,3,5,1,4
693702,1,1,1,1,2,1,1,1,1,2
704097,1,1,1,1,1,1,2,1,1,2
704168,4,6,5,6,7,?,4,9,1,2
706426,5,5,5,2,5,10,4,3,1,4
709287,6,8,7,8,6,8,8,9,1,4
718641,1,1,1,1,5,1,3,1,1,2
721482,4,4,4,4,6,5,7,3,1,2
730881,7,6,3,2,5,10,7,4,6,4
733639,3,1,1,1,2,?,3,1,1,2
733639,3,1,1,1,2,1,3,1,1,2
733823,5,4,6,10,2,10,4,1,1,4
740492,1,1,1,1,2,1,3,1,1,2
743348,3,2,2,1,2,1,2,3,1,2
752904,10,1,1,1,2,10,5,4,1,4
756136,1,1,1,1,2,1,2,1,1,2
760001,8,10,3,2,6,4,3,10,1,4
760239,10,4,6,4,5,10,7,1,1,4
76389,10,4,7,2,2,8,6,1,1,4
764974,5,1,1,1,2,1,3,1,2,2
770066,5,2,2,2,2,1,2,2,1,2
785208,5,4,6,6,4,10,4,3,1,4
785615,8,6,7,3,3,10,3,4,2,4
792744,1,1,1,1,2,1,1,1,1,2
797327,6,5,5,8,4,10,3,4,1,4
798429,1,1,1,1,2,1,3,1,1,2
704097,1,1,1,1,1,1,2,1,1,2
806423,8,5,5,5,2,10,4,3,1,4
809912,10,3,3,1,2,10,7,6,1,4
810104,1,1,1,1,2,1,3,1,1,2
814265,2,1,1,1,2,1,1,1,1,2
814911,1,1,1,1,2,1,1,1,1,2
822829,7,6,4,8,10,10,9,5,3,4
826923,1,1,1,1,2,1,1,1,1,2
830690,5,2,2,2,3,1,1,3,1,2
831268,1,1,1,1,1,1,1,3,1,2
832226,3,4,4,10,5,1,3,3,1,4
832567,4,2,3,5,3,8,7,6,1,4
