836433,5,1,1,3,2,1,1,1,1,2
837082,2,1,1,1,2,1,3,1,1,2
846832,3,4,5,3,7,3,4,6,1,2
850831,2,7,10,10,7,10,4,9,4,4
855524,1,1,1,1,2,1,2,1,1,2
857774,4,1,1,1,3,1,2,2,1,2
859164,5,3,3,1,3,3,3,3,3,4
859350,8,10,10,7,10,10,7,3,8,4
866325,8,10,5,3,8,4,4,10,3,4
873549,10,3,5,4,3,7,3,5,3,4
877291,6,10,10,10,10,10,8,10,10,4
877943,3,10,3,10,6,10,5,1,4,4
888169,3,2,2,1,4,3,2,1,1,2
888523,4,4,4,2,2,3,2,1,1,2
896404,2,1,1,1,2,1,3,1,1,2
897172,2,1,1,1,2,1,2,1,1,2
95719,6,10,10,10,8,10,7,10,7,4
160296,5,8,8,10,5,10,8,10,3,4
342245,1,1,3,1,2,1,1,1,1,2
428598,1,1,3,1,1,1,2,1,1,2
492561,4,3,2,1,3,1,2,1,1,2
493452,1,1,3,1,2,1,1,1,1,2
493452,4,1,2,1,2,1,2,1,1,2
521441,5,1,1,2,2,1,2,1,1,2
560680,3,1,2,1,2,1,2,1,1,2
636437,1,1,1,1,2,1,1,1,1,2
640712,1,1,1,1,2,1,2,1,1,2
654244,1,1,1,1,1,1,2,1,1,2
657753,3,1,1,4,3,1,2,2,1,2
685977,5,3,4,1,4,1,3,1,1,2
805448,1,1,1,1,2,1,1,1,1,2
846423,10,6,3,6,4,10,7,8,4,4
1002504,3,2,2,2,2,1,3,2,1,2
1022257,2,1,1,1,2,1,1,1,1,2
1026122,2,1,1,1,2,1,1,1,1,2
1071084,3,3,2,2,3,1,1,2,3,2
1080233,7,6,6,3,2,10,7,1,1,4
1114570,5,3,3,2,3,1,3,1,1,2
1114570,2,1,1,1,2,1,2,2,1,2
1116715,5,1,1,1,3,2,2,2,1,2
1131411,1,1,1,2,2,1,2,1,1,2
1151734,10,8,7,4,3,10,7,9,1,4
1156017,3,1,1,1,2,1,2,1,1,2
1158247,1,1,1,1,1,1,1,1,1,2
1158405,1,2,3,1,2,1,2,1,1,2
1168278,3,1,1,1,2,1,2,1,1,2
1176187,3,1,1,1,2,1,3,1,1,2
1196263,4,1,1,1,2,1,1,1,1,2
1196475,3,2,1,1,2,1,2,2,1,2
1206314,1,2,3,1,2,1,1,1,1,2
1211265,3,10,8,7,6,9,9,3,8,4
1213784,3,1,1,1,2,1,1,1,1,2
1223003,5,3,3,1,2,1,2,1,1,2
1223306,3,1,1,1,2,4,1,1,1,2
1223543,1,2,1,3,2,1,1,2,1,2
1229929,1,1,1,1,2,1,2,1,1,2
1231853,4,2,2,1,2,1,2,1,1,2
1234554,1,1,1,1,2,1,2,1,1,2
1236837,2,3,2,2,2,2,3,1,1,2
1237674,3,1,2,1,2,1,2,1,1,2
1238021,1,1,1,1,2,1,2,1,1,2
1238464,1,1,1,1,1,?,2,1,1,2
1238633,10,10,10,6,8,4,8,5,1,4
1238915,5,1,2,1,2,1,3,1,1,2
1238948,8,5,6,2,3,10,6,6,1,4
1239232,3,3,2,6,3,3,3,5,1,2
1239347,8,7,8,5,10,10,7,2,1,4
1239967,1,1,1,1,2,1,2,1,1,2
1240337,5,2,2,2,2,2,3,2,2,2
1253505,2,3,1,1,5,1,1,1,1,2
