1255384,3,2,2,3,2,3,3,1,1,2
1257200,10,10,10,7,10,10,8,2,1,4
1257648,4,3,3,1,2,1,3,3,1,2
1257815,5,1,3,1,2,1,2,1,1,2
1257938,3,1,1,1,2,1,1,1,1,2
1258549,9,10,10,10,10,10,10,10,1,4
1258556,5,3,6,1,2,1,1,1,1,2
1266154,8,7,8,2,4,2,5,10,1,4
1272039,1,1,1,1,2,1,2,1,1,2
1276091,2,1,1,1,2,1,2,1,1,2
1276091,1,3,1,1,2,1,2,2,1,2
1276091,5,1,1,3,4,1,3,2,1,2
1277629,5,1,1,1,2,1,2,2,1,2
1293439,3,2,2,3,2,1,1,1,1,2
1293439,6,9,7,5,5,8,4,2,1,2
1294562,10,8,10,1,3,10,5,1,1,4
1295186,10,10,10,1,6,1,2,8,1,4
527337,4,1,1,1,2,1,1,1,1,2
558538,4,1,3,3,2,1,1,1,1,2
566509,5,1,1,1,2,1,1,1,1,2
608157,10,4,3,10,4,10,10,1,1,4
677910,5,2,2,4,2,4,1,1,1,2
734111,1,1,1,3,2,3,1,1,1,2
734111,1,1,1,1,2,2,1,1,1,2
780555,5,1,1,6,3,1,2,1,1,2
827627,2,1,1,1,2,1,1,1,1,2
1049837,1,1,1,1,2,1,1,1,1,2
1058849,5,1,1,1,2,1,1,1,1,2
1182404,1,1,1,1,1,1,1,1,1,2
1193544,5,7,9,8,6,10,8,10,1,4
1201870,4,1,1,3,1,1,2,1,1,2
1202253,5,1,1,1,2,1,1,1,1,2
1227081,3,1,1,3,2,1,1,1,1,2
1230994,4,5,5,8,6,10,10,7,1,4
1238410,2,3,1,1,3,1,1,1,1,2
1246562,10,2,2,1,2,6,1,1,2,4
1257470,10,6,5,8,5,10,8,6,1,4
1259008,8,8,9,6,6,3,10,10,1,4
1266124,5,1,2,1,2,1,1,1,1,2
1267898,5,1,3,1,2,1,1,1,1,2
1268313,5,1,1,3,2,1,1,1,1,2
1268804,3,1,1,1,2,5,1,1,1,2
1276091,6,1,1,3,2,1,1,1,1,2
1280258,4,1,1,1,2,1,1,2,1,2
1293966,4,1,1,1,2,1,1,1,1,2
1296572,10,9,8,7,6,4,7,10,3,4
1298416,10,6,6,2,4,10,9,7,1,4
1299596,6,6,6,5,4,10,7,6,2,4
1105524,4,1,1,1,2,1,1,1,1,2
1181685,1,1,2,1,2,1,2,1,1,2
1211594,3,1,1,1,1,1,2,1,1,2
1238777,6,1,1,3,2,1,1,1,1,2
1257608,6,1,1,1,1,1,1,1,1,2
1269574,4,1,1,1,2,1,1,1,1,2
1277145,5,1,1,1,2,1,1,1,1,2
1287282,3,1,1,1,2,1,1,1,1,2
1296025,4,1,2,1,2,1,1,1,1,2
1296263,4,1,1,1,2,1,1,1,1,2
1296593,5,2,1,1,2,1,1,1,1,2
1299161,4,8,7,10,4,10,7,5,1,4
1301945,5,1,1,1,1,1,1,1,1,2
1302428,5,3,2,4,2,1,1,1,1,2
1318169,9,10,10,10,10,5,10,10,10,4
474162,8,7,8,5,5,10,9,10,1,4
787451,5,1,2,1,2,1,1,1,1,2
1002025,1,1,1,3,1,3,1,1,1,2
1070522,3,1,1,1,1,1,2,1,1,2
1073960,10,10,10,10,6,10,8,1,5,4
1076352,3,6,4,10,3,3,3,4,1,4
1084139,6,3,2,1,3,4,4,1,1,4
