1115293,1,1,1,1,2,1,1,1,1,2
1119189,5,8,9,4,3,10,7,1,1,4
1133991,4,1,1,1,1,1,2,1,1,2
1142706,5,10,10,10,6,10,6,5,2,4
1155967,5,1,2,10,4,5,2,1,1,2
1170945,3,1,1,1,1,1,2,1,1,2
1181567,1,1,1,1,1,1,1,1,1,2
1182404,4,2,1,1,2,1,1,1,1,2
1204558,4,1,1,1,2,1,2,1,1,2
1217952,4,1,1,1,2,1,2,1,1,2
1224565,6,1,1,1,2,1,3,1,1,2
1238186,4,1,1,1,2,1,2,1,1,2
1253917,4,1,1,2,2,1,2,1,1,2
1265899,4,1,1,1,2,1,3,1,1,2
1268766,1,1,1,1,2,1,1,1,1,2
1277268,3,3,1,1,2,1,1,1,1,2
1286943,8,10,10,10,7,5,4,8,7,4
1295508,1,1,1,1,2,4,1,1,1,2
1297327,5,1,1,1,2,1,1,1,1,2
1297522,2,1,1,1,2,1,1,1,1,2
1298360,1,1,1,1,2,1,1,1,1,2
1299924,5,1,1,1,2,1,2,1,1,2
1299994,5,1,1,1,2,1,1,1,1,2
1304595,3,1,1,1,1,1,2,1,1,2
1306282,6,6,7,10,3,10,8,10,2,4
1313325,4,10,4,7,3,10,9,10,1,4
1320077,1,1,1,1,1,1,1,1,1,2
1320077,1,1,1,1,1,1,2,1,1,2
1320304,3,1,2,2,2,1,1,1,1,2
1330439,4,7,8,3,4,10,9,1,1,4
333093,1,1,1,1,3,1,1,1,1,2
369565,4,1,1,1,3,1,1,1,1,2
412300,10,4,5,4,3,5,7,3,1,4
672113,7,5,6,10,4,10,5,3,1,4
749653,3,1,1,1,2,1,2,1,1,2
769612,3,1,1,2,2,1,1,1,1,2
769612,4,1,1,1,2,1,1,1,1,2
798429,4,1,1,1,2,1,3,1,1,2
807657,6,1,3,2,2,1,1,1,1,2
8233704,4,1,1,1,1,1,2,1,1,2
837480,7,4,4,3,4,10,6,9,1,4
867392,4,2,2,1,2,1,2,1,1,2
869828,1,1,1,1,1,1,3,1,1,2
1043068,3,1,1,1,2,1,2,1,1,2
1056171,2,1,1,1,2,1,2,1,1,2
1061990,1,1,3,2,2,1,3,1,1,2
1113061,5,1,1,1,2,1,3,1,1,2
1116192,5,1,2,1,2,1,3,1,1,2
1135090,4,1,1,1,2,1,2,1,1,2
1145420,6,1,1,1,2,1,2,1,1,2
1158157,5,1,1,1,2,2,2,1,1,2
1171578,3,1,1,1,2,1,1,1,1,2
1174841,5,3,1,1,2,1,1,1,1,2
1184586,4,1,1,1,2,1,2,1,1,2
1186936,2,1,3,2,2,1,2,1,1,2
1197527,5,1,1,1,2,1,2,1,1,2
1222464,6,10,10,10,4,10,7,10,1,4
1240603,2,1,1,1,1,1,1,1,1,2
1240603,3,1,1,1,1,1,1,1,1,2
1241035,7,8,3,7,4,5,7,8,2,4
1287971,3,1,1,1,2,1,2,1,1,2
1289391,1,1,1,1,2,1,3,1,1,2
1299924,3,2,2,2,2,1,4,2,1,2
1306339,4,4,2,1,2,5,2,1,2,2
1313658,3,1,1,1,2,1,1,1,1,2
1313982,4,3,1,1,2,1,4,8,1,2
1321264,5,2,2,2,1,1,2,1,1,2
1321321,5,1,1,3,2,1,1,1,1,2
1321348,2,1,1,1,2,1,2,1,1,2
1321931,5,1,1,1,2,1,2,1,1,2
