1321942,5,1,1,1,2,1,3,1,1,2
1321942,5,1,1,1,2,1,3,1,1,2
1328331,1,1,1,1,2,1,3,1,1,2
1328755,3,1,1,1,2,1,2,1,1,2
1331405,4,1,1,1,2,1,3,2,1,2
1331412,5,7,10,10,5,10,10,10,1,4
1333104,3,1,2,1,2,1,3,1,1,2
1334071,4,1,1,1,2,3,2,1,1,2
1343068,8,4,4,1,6,10,2,5,2,4
1343374,10,10,8,10,6,5,10,3,1,4
1344121,8,10,4,4,8,10,8,2,1,4
142932,7,6,10,5,3,10,9,10,2,4
183936,3,1,1,1,2,1,2,1,1,2
324382,1,1,1,1,2,1,2,1,1,2
378275,10,9,7,3,4,2,7,7,1,4
385103,5,1,2,1,2,1,3,1,1,2
690557,5,1,1,1,2,1,2,1,1,2
695091,1,1,1,1,2,1,2,1,1,2
695219,1,1,1,1,2,1,2,1,1,2
824249,1,1,1,1,2,1,3,1,1,2
871549,5,1,2,1,2,1,2,1,1,2
878358,5,7,10,6,5,10,7,5,1,4
1107684,6,10,5,5,4,10,6,10,1,4
1115762,3,1,1,1,2,1,1,1,1,2
1217717,5,1,1,6,3,1,1,1,1,2
1239420,1,1,1,1,2,1,1,1,1,2
1254538,8,10,10,10,6,10,10,10,1,4
1261751,5,1,1,1,2,1,2,2,1,2
1268275,9,8,8,9,6,3,4,1,1,4
1272166,5,1,1,1,2,1,1,1,1,2
1294261,4,10,8,5,4,1,10,1,1,4
1295529,2,5,7,6,4,10,7,6,1,4
1298484,10,3,4,5,3,10,4,1,1,4
1311875,5,1,2,1,2,1,1,1,1,2
1315506,4,8,6,3,4,10,7,1,1,4
1320141,5,1,1,1,2,1,2,1,1,2
1325309,4,1,2,1,2,1,2,1,1,2
1333063,5,1,3,1,2,1,3,1,1,2
1333495,3,1,1,1,2,1,2,1,1,2
1334659,5,2,4,1,1,1,1,1,1,2
1336798,3,1,1,1,2,1,2,1,1,2
1344449,1,1,1,1,1,1,2,1,1,2
1350568,4,1,1,1,2,1,2,1,1,2
1352663,5,4,6,8,4,1,8,10,1,4
188336,5,3,2,8,5,10,8,1,2,4
352431,10,5,10,3,5,8,7,8,3,4
353098,4,1,1,2,2,1,1,1,1,2
411453,1,1,1,1,2,1,1,1,1,2
557583,5,10,10,10,10,10,10,1,1,4
636375,5,1,1,1,2,1,1,1,1,2
736150,10,4,3,10,3,10,7,1,2,4
803531,5,10,10,10,5,2,8,5,1,4
822829,8,10,10,10,6,10,10,10,10,4
1016634,2,3,1,1,2,1,2,1,1,2
1031608,2,1,1,1,1,1,2,1,1,2
1041043,4,1,3,1,2,1,2,1,1,2
1042252,3,1,1,1,2,1,2,1,1,2
1057067,1,1,1,1,1,?,1,1,1,2
1061990,4,1,1,1,2,1,2,1,1,2
1073836,5,1,1,1,2,1,2,1,1,2
1083817,3,1,1,1,2,1,2,1,1,2
1096352,6,3,3,3,3,2,6,1,1,2
1140597,7,1,2,3,2,1,2,1,1,2
1149548,1,1,1,1,2,1,1,1,1,2
1174009,5,1,1,2,1,1,2,1,1,2
1183596,3,1,3,1,3,4,1,1,1,2
1190386,4,6,6,5,7,6,7,7,3,4
1190546,2,1,1,1,2,5,1,1,1,2
1213273,2,1,1,1,2,1,1,1,1,2
1218982,4,1,1,1,2,1,1,1,1,2
